-1.0000
-1.0000
1.1297
1.0141
-1.0094
1.1534
0.9442
1.0652
0.7922
1.1104
-1.3185
1.1025
0.4309
0.9500
-1.6011
-1.2110
-1.3999
-1.3197
0.5635
0.6558
0.3151
-1.6089
0.3967
-1.7023
-1.9447
-1.7899
0.0869
-1.6753
-1.8877
0.3976
-1.7857
0.1733
0.2902
-1.6633
-1.7162
-1.8158
0.0648
-1.6289
-1.7914
0.6036
0.0917
-1.5777
-1.9567
-1.6186
-1.7675
0.3278
-2.0055
-1.6752
-2.1845
0.3162
-2.0852
-1.5647
-0.0659
-1.8911
-2.1629
0.3733
-0.2488
-1.6172
-0.1015
0.2749
-0.0788
0.3485
0.1278
-1.7429
0.3774
-1.7396
-1.7462
-1.7058
0.3715
-1.7056
-1.7164
0.2582
0.1934
-1.5083
-1.5777
-1.4717
-1.6530
0.7595
0.5782
0.7238
-1.3017
-1.0687
0.6785
0.8682
0.6929
-1.0022
0.5565
-1.1523
-1.4121
-1.3520
0.7196
-0.9514
-1.0490
1.2352
-0.7959
1.0300
1.1182
-0.9612
-0.8959
-1.0393
1.2265
-1.0280
1.3167
-1.0948
-0.4533
-0.9765
1.5978
-1.0715
-0.1502
1.0351
1.5314
-0.9776
1.5917
0.9828
-0.6994
-0.9904
1.1747
0.8310
-0.8223
0.9213
-0.5984
-1.0024
1.2786
-1.0129
1.1270
-0.9806
1.0524
1.0962
-0.8788
-0.8853
-1.0698
-1.0438
0.9382
0.8436
-0.7325
0.5921
1.2182
0.6351
-0.9725
-1.2596
-1.1387
-1.0900
-1.2745
-1.2247
-1.4732
-0.9712
0.4933
1.0280
0.5132
-0.9891
-1.4244
1.0381
0.6378
-1.0564
-1.3464
-0.9660
0.8334
-1.0031
-1.2896
1.0958
1.1241
-0.8380
-1.0102
-0.7946
0.9737
-0.9737
1.2226
-1.4375
1.1405
0.6937
0.9944
0.5965
-0.8072
0.6595
-1.1745
-1.4434
-1.5636
0.5250
0.4226
0.7122
0.3990
0.4874
-1.6090
0.3962
0.2497
0.4202
-1.7771
-1.5517
-1.9215
-1.4062
-1.9901
-1.3666
-1.8625
-1.5420
0.3092
0.0689
0.2691
-2.0632
0.2306
-2.0407
-1.6721
-2.0475
-1.8936
0.1748
0.3380
0.0191
-1.5847
-1.8556
-1.4716
-1.8916
0.4196
0.1421
0.3236
-1.6909
0.3746
-1.6578
0.4228
0.4948
-1.6622
-1.3339
-1.7549
-1.2947
0.0387
0.7363
-1.7422
0.9617
-1.7104
-0.8190
0.5676
-1.2540
-1.4255
0.7506
0.5024
-1.0798
-1.3793
-1.1823
0.6100
-1.0216
0.8204
-0.9483
1.1883
0.8197
0.9179
0.9223
0.8468
-1.0084
0.6526
-1.1115
0.5246
0.7116
0.5893
0.9626
-1.4567
1.1850
-1.3961
-0.7800
-1.3746
1.4044
0.7200
0.9797
0.9323
0.7865
-0.9564
0.6929
0.9628
0.8551
-0.7816
-0.9784
-0.7938
-0.9157
-0.7260
-1.0301
-0.6469
-0.9916
1.2372
1.0828
1.0121
-0.8826
0.6856
-0.8242
0.7045
0.9060
-1.2796
-1.1692
-1.1359
-0.9736
0.7714
0.7907
-1.4700
0.8784
0.6735
0.8058
0.5613
0.8445
-1.1877
0.6543
0.7603
0.7849
-1.4332
-1.1870
-1.4637
-1.1939
-1.5153
-1.0444
-1.7197
-1.3812
0.4545
0.6094
0.6411
-0.9728
-1.1917
1.1452
0.8448
-0.9760
0.8345
1.0007
-1.0588
-1.3119
-1.2351
-1.4113
-1.2911
-1.2850
1.0066
1.0065
0.9898
-1.1274
-1.1335
1.0054
0.7908
-0.8975
0.6938
1.1966
0.6204
1.2827
-1.2349
1.1775
0.7527
0.9180
0.5444
0.5332
0.3381
-1.4897
0.1794
-1.4223
-1.9160
-1.3890
-0.0089
-1.0377
-1.9001
0.9272
-1.9332
0.4922
0.0746
-1.4010
-2.0093
-1.3588
-0.0270
-1.5469
-0.0849
-1.2688
0.0615
0.8821
-1.5920
-1.2330
0.5735
0.8257
-1.4083
1.0596
0.7657
1.0552
0.7146
0.7569
0.6741
-1.1141
0.7045
-1.1113
-1.1199
-1.0659
0.9975
-1.1592
0.9155
-1.0461
0.7099
0.5589
-1.4351
-1.3844
0.9180
0.6372
1.2009
-1.4176
1.0688
-1.4676
1.1514
0.4485
1.2952
0.4727
-0.5652
0.5889
-0.9369
-1.5259
-0.9890
0.4859
-0.8663
-1.7384
1.1163
-1.6235
1.0989
-1.4783
-0.8094
-1.3166
1.1666
-1.5403
1.2527
-1.6871
-1.0716
-1.6110
-1.0228
0.5011
1.1171
0.7179
1.1687
0.7835
-0.9358
0.8815
-1.0088
-1.1257
1.0360
-1.3854
1.1357
-1.3969
1.0302
0.6271
-1.0751
-1.1609
-0.8828
-1.2487
0.9842
0.7812
-0.9046
0.7238
1.3744
0.8852
-0.9250
-1.2143
-1.0103
-1.1923
-1.0927
-1.3242
-0.9906
-1.2139
0.8210
0.9157
0.9196
-1.0777
0.9175
-1.0874
-1.1186
-1.2348
0.7552
-1.4199
-1.4386
0.6514
-1.4837
0.6553
0.4991
-1.6221
-1.1127
-1.3750
0.8185
-1.3567
-1.2218
0.5600
0.7313
-1.6271
-1.2852
-1.3027
-1.2362
0.6196
-0.9990
-1.0882
-1.1278
0.6439
-1.1541
-1.0851
0.9312
-1.2880
-1.0543
0.7770
0.8859
-1.0651
0.8980
0.7161
0.5252
1.1350
-1.5070
1.1826
0.6597
0.8949
-1.2365
-0.8324
0.9426
1.0208
-1.1107
0.7380
0.8153
0.7562
-1.2790
-1.4888
-1.3040
-1.1973
-1.2330
-1.2402
-1.2147
-1.4975
0.9095
0.4936
0.8897
-1.5021
1.0074
-1.2775
-0.9978
-1.2616
1.0548
-1.0345
-1.0177
0.7553
-1.1883
0.9982
0.6853
-1.0169
-1.2089
-0.9876
0.6039
-0.9281
-1.4003
1.1089
-1.3857
0.8180
0.8646
-1.0624
0.9015
0.6815
-1.1521
-1.1544
-1.1483
-1.2658
0.9738
0.9231
1.0834
-1.2203
-1.1877
1.1110
-0.9337
1.3165
1.0204
-0.8617
1.3738
1.1253
1.3879
1.0844
-0.4837
1.0627
-0.6510
-0.9000
1.5485
-0.8329
1.6073
-0.9506
1.1689
1.3403
1.0490
1.2252
1.0704
-0.8700
-0.7888
1.1908
1.0849
-0.7397
-0.8096
-0.7926
1.0996
-1.0036
0.9011
-0.7190
0.8458
1.1896
1.1064
1.1476
-0.8730
0.8531
-1.2328
-1.2710
-1.1602
0.5763
-1.0755
-1.4105
0.7159
-1.3959
0.5448
-1.2284
-1.5954
-1.1034
0.4969
-1.2379
-1.5575
0.6032
0.4077
-1.6334
0.3163
0.3562
-1.6860
-1.7002
0.2766
0.3628
-1.8718
0.4695
0.0743
0.3690
-1.6883
-1.4608
-1.4787
-1.4316
-1.2460
-0.9602
-1.2606
-0.7843
0.6788
1.0577
0.5226
-1.0024
-1.3233
0.9355
0.7319
-1.0336
-1.2129
-1.0125
-1.4348
0.9046
0.3573
0.8623
-1.4162
-1.1256
0.7530
0.7151
0.5771
-1.3544
0.4028
-1.2943
0.1325
0.6721
-1.5513
-1.3600
-1.4247
-1.2511
0.3344
0.6881
-1.6255
0.9036
-1.6013
-1.3130
0.4801
-1.3211
0.6364
-1.2406
-1.3099
-1.4838
0.8098
-1.5646
-1.3053
0.5804
0.6466
-1.4593
0.6586
0.4783
0.4975
0.5204
0.1188
-1.3630
0.0246
-1.5202
-1.9689
-1.5010
-1.9423
0.7173
-1.7218
-1.2812
0.3157
-1.4720
0.1922
-1.4074
-1.7777
-1.3278
0.2701
-1.4373
-1.7591
0.5298
0.2232
-1.3438
0.3113
0.7752
0.4819
0.8569
0.3217
-1.0725
0.1373
-1.2089
0.2950
0.5815
0.4419
0.5815
-1.6281
0.5331
0.6911
0.8317
-1.1592
-1.1234
-1.1980
-1.0063
-1.1911
-0.8809
-1.2830
-1.0258
0.9464
0.9095
1.0727
-1.2463
0.9625
-1.4061
-0.9643
-1.2246
-1.0967
0.9015
0.7255
1.2141
-1.2875
-0.8818
-1.2040
-0.8624
0.8440
0.9445
0.6349
-1.0244
0.8260
-0.9987
0.6946
0.7445
-1.3721
-1.3999
-1.6078
-1.3429
0.2683
0.8570
-1.6711
0.8308
-1.5411
-1.3070
0.6406
-1.1039
-1.2742
1.1279
0.8051
-0.9137
-1.2759
-1.2074
0.9960
-1.0061
1.0149
-1.0378
0.9533
0.7953
0.7117
0.6009
0.7903
-1.3761
0.7110
-1.2139
0.8996
0.8455
0.9258
0.8676
-1.1297
0.7205
-1.1598
-1.1107
-1.4083
1.0309
0.7897
0.8578
0.5055
0.8418
-1.2594
0.9435
0.8388
0.8192
-0.9101
-1.1893
-0.7139
-1.2137
-1.0701
-1.0516
-1.3584
-1.1805
0.6016
0.5767
0.4741
-1.4398
0.2769
-1.4322
0.1447
0.7699
-1.6149
-1.4210
-1.5854
-1.5730
0.4781
0.2139
-1.5898
0.3985
0.2804
0.4276
0.3088
0.3602
-1.7145
0.4956
0.0433
0.4365
-1.9157
-1.2255
-1.7370
-1.4834
-1.9876
-1.4255
-1.7871
-1.5373
0.0604
0.6991
0.1338
-1.4267
0.1654
-1.6272
-1.7747
-1.8039
0.2416
-1.3804
0.2189
-1.4221
0.2346
0.3982
-1.6930
-1.4723
0.2593
0.6569
0.4844
-1.2303
0.3277
-1.3609
0.2450
0.7049
0.4384
0.6343
-1.5941
0.7543
-1.5131
-1.4223
-1.8189
0.5461
-1.7022
-1.3950
0.5009
-1.3104
0.5569
-1.4036
0.5300
0.5225
-1.7774
-1.7172
-1.8240
-1.7958
0.3928
0.5134
-1.6372
0.7936
-1.5424
-1.2661
0.8554
-1.1592
0.6857
-1.3408
-1.1364
-1.2850
-1.2627
0.8045
-1.3715
-1.2000
0.5275
-1.1115
0.4881
-1.2512
0.5371
0.9440
0.5389
0.9746
-1.2349
0.8468
0.7443
0.9396
-1.1645
-1.1236
-1.1048
-1.1176
-1.0507
-1.3201
-1.2635
-1.2690
0.7939
0.9124
0.7932
-1.2038
0.7061
-1.3856
0.6724
0.7038
-1.3794
-1.3284
-1.4392
-1.0574
0.7039
1.0707
-1.2122
0.8681
-1.2253
-1.2332
0.9007
-1.3803
1.0037
-1.3657
-1.0068
-1.3609
1.1334
-1.3217
-0.9005
0.8879
0.9775
-1.0265
1.1101
1.1930
1.3297
1.3493
1.0792
-0.6610
0.8888
-0.9670
0.8272
1.0090
0.8360
0.6644
-1.0220
0.9305
0.8688
1.1133
-1.1682
-0.9232
-1.4272
-0.7654
0.7789
1.2888
-0.8820
1.2635
1.0734
0.9638
-0.7182
-0.8704
-0.5969
-0.6579
-0.5337
-0.4452
-0.4140
-0.3852
2.0151
1.5617
1.8550
-0.2080
1.8869
-0.5111
-0.2286
-0.4402
1.7571
-0.7982
-0.6120
1.2550
-0.8232
1.2168
1.0045
-0.8671
-0.9729
-0.5148
0.8893
-0.5006
-1.1131
1.5015
0.8784
-0.4681
-1.3079
-0.6671
-1.2378
1.3387
-1.1766
-0.8316
-1.1472
1.0971
-1.0559
-0.9391
0.6162
-1.1096
-1.4303
0.7612
0.5700
-1.4082
0.4603
0.0791
0.4732
-0.1209
-1.4252
0.0407
0.3498
0.2466
-1.8543
-1.6623
0.2785
0.6489
-1.4571
0.7672
0.5064
0.5113
-1.5386
-1.4609
-1.4246
-1.3603
-1.6166
-1.3878
-1.6227
-1.2819
0.3725
0.5623
0.4601
-1.5547
0.3368
-1.3923
-1.8001
-1.3009
0.1452
-1.3685
0.1901
-1.4626
-1.6790
-1.3078
-1.6260
0.6055
-1.5050
-1.2438
0.7212
-1.4401
0.8440
-1.4812
0.9542
0.5494
-1.0942
-1.4477
-0.9503
-1.3572
0.9363
0.6288
-1.0502
0.8885
-1.0960
-1.1390
0.9920
-1.3774
1.2072
-1.2611
-0.8930
-1.5213
-1.1081
0.4506
1.0370
0.5190
1.0068
0.2102
-1.0003
0.1502
-0.9137
-1.7441
0.7758
-1.5626
0.6716
-1.4198
-1.3423
-1.3458
0.8094
-1.3756
-1.3025
0.5333
0.9545
-1.3907
0.9434
0.5962
-1.1251
-1.4237
1.1620
0.5297
-0.7362
0.5434
1.5815
0.5729
-0.6748
-1.3856
-0.8967
-1.1427
-0.7539
-1.2761
-0.5710
-1.2698
1.1138
0.6417
0.9167
-1.4028
-0.8682
0.9049
0.9036
-1.2309
0.8622
0.9510
-1.2885
-1.2198
-1.3646
-1.1108
-1.4914
-1.1345
0.6941
1.0901
0.8513
-1.1779
0.9604
-1.3542
0.9430
0.4852
-0.7990
-1.4176
-0.9377
-1.2382
0.6682
0.4786
-1.1496
0.5154
-1.2064
-1.5615
0.6526
-1.7153
0.8968
-1.3885
-0.9699
-1.3390
0.7939
-1.1143
-1.1041
0.8517
0.8445
-0.9950
0.9630
0.9855
0.9197
0.9753
0.9184
-1.1092
1.1408
-0.9282
1.2709
1.0761
1.2867
1.0396
-0.7865
1.3616
-0.8360
-0.8486
-0.8828
1.0816
-0.9587
-0.9280
1.0179
-1.0015
0.8900
-1.1024
-0.8882
-1.0981
0.9948
-1.0897
0.9507
-0.7908
1.1000
1.0653
-0.6394
-1.1239
-0.7481
-1.1266
1.1754
0.8559
-1.1123
1.0047
0.6453
0.9899
-1.3752
-0.8628
-1.6638
-1.0019
-1.7156
-0.9968
-1.5985
-1.0446
0.4576
0.9212
0.5121
-1.4298
0.5949
-1.6459
-1.4649
-1.4578
-1.4429
0.7470
0.4911
0.7102
0.6260
0.6528
-1.4299
0.9147
-1.3977
-1.0425
0.6605
-1.1709
-1.1491
0.8799
0.9099
-1.0443
0.8480
0.9079
0.7976
1.1400
0.8713
-1.0792
0.9510
-1.0269
0.8991
0.9797
0.8075
1.0687
-1.2792
1.2076
0.7859
1.0130
-1.3160
-1.0528
-1.4002
-1.2130
-1.5368
-1.2035
-1.4817
-1.2343
0.5468
0.7613
0.7209
-0.9807
0.7757
-1.2360
0.7452
0.9491
-0.9961
-1.0704
0.7429
1.0509
-1.0342
1.0778
1.4652
1.0394
1.6317
1.0265
1.2203
-1.1301
-0.9978
0.8492
0.7706
-1.3986
-1.4414
-1.1557
-1.1818
0.7433
-1.1950
-1.2200
-1.3979
0.7533
-1.4717
-1.5043
0.6324
-1.1763
-1.2396
1.1160
0.8259
-1.1518
1.0420
0.5669
1.0015
0.5989
0.9882
-1.3223
0.8842
-1.0720
-0.9847
-0.9310
0.7535
-0.8511
-1.0360
1.3577
1.3119
-0.6174
-0.4935
-0.6295
-0.4174
1.6199
1.5215
1.8471
-0.4128
-0.4382
1.7446
1.4520
1.6744
-0.7443
1.6343
-0.3859
1.6244
1.5342
1.8339
1.3202
-0.2709
1.5381
-0.6390
-0.4485
-0.3859
1.6733
-0.2123
-0.2594
1.5206
-0.2860
1.3470
-0.4461
1.2847
1.5950
1.5137
1.4903
-0.4598
1.3755
1.2173
1.2386
-0.8273
-0.8466
-0.7286
-1.0296
1.0205
1.0735
-1.0932
1.0209
-1.0309
-1.0075
0.6898
-1.2660
-1.2242
0.8393
0.6849
-1.0500
0.7808
0.9963
-1.0053
-1.0664
0.8845
1.2320
-0.9496
1.3898
0.8967
1.0173
-1.1049
-1.0690
-1.2856
-1.0484
-1.2572
-1.2865
-1.1469
-1.3086
0.9649
0.7660
-1.0125
0.9190
-1.3022
-1.1946
-1.4524
0.7439
-1.5729
-1.1469
0.2934
-0.9354
-1.3253
1.1079
1.1378
-0.9993
-1.1100
-0.9493
1.0658
-0.8060
1.3093
-0.8407
1.4533
1.3468
1.6707
1.2405
-0.2588
1.1343
-0.5041
-0.7746
-0.3626
1.1956
1.5328
1.2770
1.5646
1.3894
-0.5932
1.5066
1.3709
1.3786
-0.4069
-0.6349
-0.3473
-0.7238
-0.2733
-0.7733
-0.4086
-0.7570
1.4968
1.0871
1.5472
-0.9020
1.6582
-0.7162
-0.1121
-0.7188
-0.0598
1.2838
1.9153
1.2215
-0.0642
-0.6691
-0.0052
-0.6534
2.0297
1.5357
1.7846
-0.5505
1.6225
-0.5128
1.5142
1.2561
-0.6390
-0.7265
-0.4772
-0.9040
1.7024
1.2769
-0.4535
1.4413
-0.1918
-0.5423
1.7627
-0.1975
-0.3799
1.7311
1.7383
-0.3056
-0.1593
-0.4062
1.8029
-0.3918
1.7971
-0.6196
1.5569
1.4595
1.5607
1.1930
1.5147
-0.8844
1.3270
-0.7512
1.5187
1.1803
1.5900
1.1247
-0.2150
1.1950
-0.4382
-0.8933
-0.3636
0.9677
1.6610
1.3031
1.6218
1.4297
-0.4255
1.3396
1.5176
1.4629
-0.3972
-0.2653
-0.3521
-0.2440
-0.4417
-0.4773
-0.2732
-0.5096
1.7081
1.4978
1.7945
-0.3850
1.8137
-0.5453
-0.0278
-0.3593
2.1047
-0.2708
2.0484
-0.3583
0.2379
-0.3620
0.1009
1.6538
-0.0103
-0.2073
2.1079
-0.2987
2.0097
-0.1092
1.8873
1.8968
-0.2481
-0.0690
-0.0171
0.0223
2.2122
1.8251
0.2924
1.8048
0.2399
-0.1193
2.0802
-0.2850
-0.2102
1.6737
1.9202
-0.2448
1.9536
1.2085
1.8547
1.4270
1.9500
-0.6508
2.0511
-0.6658
-0.0357
-0.6183
1.9613
-0.3555
-0.1390
1.5423
1.5365
-0.3998
-0.1467
-0.5814
-0.1670
1.3777
2.0362
1.5851
-0.1112
-0.5186
1.7094
1.5723
1.5158
-0.3738
1.4756
-0.3546
1.6718
1.6074
1.6178
1.6291
-0.7379
1.3983
-0.7639
-0.5946
-0.7121
1.0650
-0.7080
-0.8176
1.3389
-0.7990
-0.5062
1.2315
1.3487
-0.8332
1.3061
1.2288
1.1949
1.1795
-0.9732
1.5056
1.1059
1.1679
-1.0960
-0.6864
0.9804
1.3352
-1.0457
1.5511
1.0514
1.4797
-0.9664
-0.5165
-0.9842
-0.5920
-0.6951
-0.8516
-0.6728
-0.7365
1.3831
1.3717
1.5225
-0.7168
1.4569
-0.6387
1.6091
0.9471
-0.5000
-1.0111
-0.2982
-0.8661
1.5520
0.9881
-0.4025
1.1681
-0.7584
-1.0239
1.0675
-1.0280
1.0226
-0.9667
-0.9593
-0.9491
0.9299
-1.1448
1.2241
-1.3729
1.1084
0.8120
-1.0123
-1.2625
1.2452
0.7320
1.3642
-1.2418
1.6198
-1.1340
1.4233
1.2646
-0.7220
-0.7686
-0.9121
-0.7490
1.1655
1.1990
-0.6987
1.0034
-0.5852
-0.8597
1.3353
-0.7009
-0.5018
1.3574
1.4400
-0.9083
1.4838
1.1791
1.5135
1.2145
-0.5983
1.1701
1.4170
1.2428
1.1280
1.4483
1.1504
-0.8722
0.9819
-0.8500
-0.7739
-0.8741
1.3791
-0.6278
1.1469
-0.6071
-0.9050
-0.7935
-0.9992
1.1945
-1.0739
-0.6502
1.0313
-0.3643
-1.0665
1.2576
0.8269
-0.8420
1.0966
1.1760
1.0581
1.0745
1.0883
-0.8094
1.1904
-0.7242
1.2799
1.2532
1.4484
1.1859
-0.4921
1.3503
1.6293
1.2351
-0.2953
-0.7315
-0.4508
-0.8544
-0.6532
-0.7911
-0.5638
-0.8779
1.4914
1.0797
1.4595
-0.9023
1.4272
-0.7436
1.3875
1.1013
1.3861
0.9489
1.4996
-0.9681
1.6678
-0.9315
1.8910
1.2734
1.9491
1.4713
1.8499
-0.6418
1.7665
-0.5183
-0.3866
-0.4581
1.6702
-0.3876
1.6115
-0.3113
1.5460
1.5744
-0.5091
-0.3614
1.4661
1.5876
1.4050
-0.2204
1.2485
-0.4016
1.3369
1.6920
-0.7356
-0.2079
-0.5393
-0.1669
1.5258
1.6817
-0.3225
1.7125
-0.4678
-0.6015
1.6312
-0.6841
-0.4750
1.3098
1.2358
-0.7610
1.1888
1.0409
0.7997
0.8559
0.7656
-1.0517
1.0025
-0.8991
-0.8673
-0.8549
1.1392
-0.8588
1.0660
-0.7992
-1.0845
-0.7954
-1.1858
1.0621
0.8530
1.3005
-1.2273
-0.6138
-1.0710
-0.8952
0.9333
1.0712
1.1197
-0.9018
1.0999
-0.7780
-0.8679
-0.8644
-0.8672
1.3784
1.0672
1.3090
1.1293
1.2899
-0.9129
1.2524
-0.9144
-0.5329
1.1951
-0.4970
1.1643
-0.5281
-0.9329
-0.6601
1.1682
-0.4974
-0.8137
1.5390
1.3249
-0.5653
1.0582
1.6474
1.0717
1.3580
0.9631
-0.7398
0.9699
-0.6348
0.9677
1.4144
0.9703
1.4631
0.9496
-0.4965
-0.9985
1.3819
0.6841
-0.5943
0.7916
1.0103
0.5919
0.9891
-1.3412
1.2177
0.7284
1.0142
-1.3391
-0.7697
-1.2014
-0.9719
-1.3282
-1.0231
-1.2653
-0.8477
0.6429
1.0425
1.1263
-1.2268
1.1654
-1.3160
-0.7519
-1.2609
0.9773
-1.4595
1.1070
-1.8579
1.1995
0.5570
-0.9451
-1.2514
0.9619
0.7907
0.8158
-1.0586
0.4327
-0.9575
0.2389
1.1450
0.5168
0.7928
-1.6030
0.8722
-1.7863
-0.8930
-1.8496
1.0930
-2.1136
-0.9440
0.2285
-1.1702
0.1691
-1.1145
0.0714
0.9673
0.3468
0.6622
0.2743
-1.3442
0.3460
-1.4208
0.4672
0.4674
0.4808
0.6323
0.6230
-1.1975
-1.3855
0.7970
0.8317
-1.0874
-1.0129
-1.1940
-0.8545
0.5824
1.0165
0.8152
-0.8882
-1.0089
-0.7978
-1.1424
1.0812
0.8048
-1.1894
0.7533
0.8016
0.7347
-1.4052
-1.1522
-1.2559
-1.3360
-1.1518
-1.2275
-1.3076
-1.3118
0.7180
0.7214
0.8458
-1.6307
0.7136
-1.4820
0.6995
0.6097
-1.2699
-1.3833
-1.0536
-1.3035
0.8113
0.7731
-1.3286
0.6478
-1.3378
-1.4005
0.5104
-1.2966
0.5681
-1.3571
-1.4928
-1.3630
0.6267
-1.2516
-1.4545
0.7879
0.3502
-1.0584
0.5134
0.8265
0.4994
0.4075
0.4835
-1.5934
0.3413
-1.6087
0.3734
0.5241
0.3882
0.4521
-1.6876
0.4693
0.2587
0.3671
-1.7979
-1.4859
-1.9301
-1.7256
0.3140
0.3431
-1.6802
0.1451
0.4673
0.2812
-1.4362
-1.7679
-1.5577
-1.4810
-1.7136
-1.6914
-1.7049
-1.7761
0.4454
0.2516
0.3841
-1.9447
-1.5991
0.1239
0.3397
-1.8509
0.2934
0.0836
-0.0766
0.2018
-2.0042
0.3063
-0.3131
0.3999
-0.1377
0.5187
-0.3445
-1.6792
-0.2423
-1.6398
-2.2800
-1.7282
-2.0974
0.1686
-0.1633
0.1288
-0.2825
0.0537
-2.1171
0.0211
-2.2163
-1.9956
0.0477
-1.8458
0.2237
-1.6671
0.2612
0.1209
0.1949
0.2616
0.1509
-1.4231
-1.7465
0.2395
0.4086
-1.8402
-1.5186
-1.7857
0.7929
-1.6825
0.6887
-1.7296
-1.2691
-1.5864
-0.9443
0.5681
1.2172
0.6233
-0.7593
-1.1303
-0.9418
-0.8077
1.1595
1.2648
0.8866
-0.7019
-1.2689
1.4745
0.5502
-0.5066
-1.3539
-0.5838
-1.1976
1.6086
1.0715
1.4937
-0.9234
-0.4456
-0.8600
-0.4809
1.4022
1.3306
-0.4721
1.3116
1.4083
1.4913
-0.3754
-0.2009
-0.2997
-0.0272
1.9068
1.9668
-0.0744
1.8158
1.9925
1.7947
2.0142
1.9940
0.2592
1.8686
1.9402
2.1519
-0.2879
0.0800
-0.2200
0.2013
-0.2688
-0.0565
-0.3563
-0.3539
1.5503
1.7611
-0.4064
1.8400
-0.4729
-0.2361
-0.4424
1.7912
-0.2082
-0.0032
1.6761
-0.1337
-0.4479
1.7749
1.8517
-0.1930
-0.1150
-0.1670
2.0905
-0.0449
2.1492
0.0770
2.2059
1.9912
2.0203
1.8351
0.0398
1.9266
0.0134
-0.2549
-0.0333
1.7092
2.0024
1.7918
2.0412
1.8988
0.0858
1.6876
1.9427
1.6591
-0.2392
-0.3497
-0.2089
-0.3071
-0.1051
-0.3783
-0.1249
-0.5642
1.8571
1.4640
1.7826
-0.5280
1.8637
-0.7295
0.0179
-0.6982
1.7603
-0.4809
-0.4100
1.4272
1.2683
-0.4820
1.0687
1.2718
0.6864
1.1131
0.8704
-0.9107
0.7651
-0.7182
0.6467
1.2380
0.6438
1.2693
-1.3314
1.2232
-1.1635
-0.8546
-1.2239
1.0059
-1.3044
-0.8222
0.6751
-0.8596
0.6209
-0.7942
0.9589
1.2906
0.9145
1.1083
-0.9225
1.2324
-0.7209
-0.5609
-0.6358
1.2753
-0.7274
-0.9887
1.1126
-0.7791
0.5918
-1.0946
0.5156
0.8462
0.7354
0.5667
-1.1266
0.6718
0.8896
0.6573
-1.1047
-1.5189
-1.1072
-1.5461
0.7193
0.8014
-1.3314
0.7070
0.3918
0.6648
-1.4252
-1.5590
-1.5819
-1.6788
-1.7236
-1.6420
-1.7443
-1.5818
0.0932
0.4566
0.2579
-1.7481
-1.8286
0.3887
-1.8134
0.2446
0.2022
-1.6227
0.2925
0.2758
0.2157
0.3710
-1.7801
0.4700
-1.8656
-1.4988
-0.1039
-1.5449
0.2341
-1.7916
-1.7510
-1.7012
0.3254
-1.6395
-1.7730
0.3827
-1.8463
0.4898
0.2718
-1.4994
-1.4982
-1.4185
0.5599
-1.5039
-1.4584
0.5992
0.6489
-1.6873
-1.5173
-1.4355
-1.4583
0.7647
-1.6388
-1.1809
-1.5983
0.8547
0.3639
0.6397
-0.0014
0.6783
-2.1422
0.6487
-0.0769
0.3538
-1.8143
-1.5876
-1.9139
-1.6955
-1.9120
-1.9021
-2.0026
-1.6452
0.0552
0.5038
0.0257
-1.5880
-2.0255
-0.0630
-0.1268
-1.9542
-2.0525
-2.0484
-2.3007
0.3033
-0.2990
0.5187
-2.3216
-1.2530
-0.2618
0.4046
-0.1095
-1.7726
-0.2461
-2.0159
-2.2070
-2.2802
-0.0832
-2.0170
-2.1768
-0.0345
-2.2351
0.0619
-0.1571
-1.9241
-0.0563
0.1699
-0.2287
0.2466
-1.8970
0.1874
-0.1142
0.1420
-2.3643
-1.8081
-2.4962
-1.7696
-2.6287
-1.2469
-2.4838
-1.4478
-0.4681
0.3517
-0.3043
-1.5432
-0.0800
-1.7301
-0.1331
0.4514
-0.0355
0.3756
-0.0608
-1.5538
-0.2420
-1.4543
0.0965
0.2968
-0.1348
0.4080
-0.2663
-1.7727
-0.0611
-1.6834
-2.0857
-1.5944
-1.9078
0.3503
0.0253
0.5968
0.2281
0.4863
-1.7335
0.3041
-1.5663
-1.5967
0.3409
-1.6580
0.3283
-1.8565
-1.9160
-1.7362
0.5868
-1.9361
-1.3421
0.2704
0.7348
-1.4906
0.4283
0.5617
0.1884
0.4045
-0.0255
-1.3341
-0.0921
-1.4536
-0.0460
0.4311
-0.0803
0.3896
-2.1630
0.5631
-0.1652
0.5503
-2.1733
-1.6234
-2.3118
-1.3243
-0.0855
0.6184
-2.1017
0.6074
-0.1224
0.8611
-2.0856
-1.3379
-1.9352
-1.5026
-1.9325
-1.5506
-1.8578
-1.5842
-0.0041
0.5355
0.0176
-1.4958
0.1362
-1.4988
0.0970
0.5806
-2.0108
-1.3263
-1.9089
-1.5123
0.4701
0.4092
-1.6720
0.3485
0.2109
0.3545
0.2229
0.2887
-1.5727
0.4589
0.4229
0.5193
-1.4737
-1.5261
-1.5064
-1.4330
-1.8286
-1.1752
-1.9181
-1.3420
0.2644
0.7211
0.3265
-1.4927
-1.6843
0.4259
0.3323
-1.5839
-1.4858
-1.5365
0.4012
-1.4000
-1.5507
0.4445
0.6347
-1.7049
-1.1438
-1.6465
0.5325
-1.7135
0.5887
-1.7129
0.5254
0.4262
-1.7791
-1.5582
-1.7890
-1.6302
0.0626
0.3320
-1.8640
0.4975
-2.1456
-1.3455
-0.1700
-1.4027
-1.8499
0.6257
-2.0268
0.6287
0.1424
-1.6706
-0.0119
0.2006
0.0082
0.4714
-1.9908
0.8236
0.0206
0.8526
-0.0446
0.7270
-1.8534
0.5962
0.2333
0.3260
-1.6158
-1.5934
-1.7756
-1.5050
-1.6572
-1.5891
-1.5640
-1.2284
0.5775
0.8048
0.3981
-1.1578
-1.5131
1.1175
0.7454
-1.0721
-1.4565
-1.2485
-1.2199
0.8792
0.6739
0.8910
-1.4651
-1.2385
0.6650
0.8173
0.8839
-1.0115
0.9198
-1.0318
-0.9503
-1.0841
1.0485
-1.0872
-0.9167
0.9176
-0.7211
0.8582
1.5122
-1.1782
1.5312
0.7071
1.1450
0.8498
-0.9276
0.9817
0.9395
1.0026
-1.0657
-1.0087
-0.9322
-0.8375
-0.9583
-0.6694
-1.0649
-0.8091
1.1525
1.0587
1.0695
-0.6837
1.1420
-0.7094
1.1334
1.4281
1.0357
1.5037
0.8579
-0.7981
0.9927
-0.8181
1.1027
1.4252
1.0992
1.2222
1.4115
-1.0177
1.3827
-0.9838
-0.6766
-1.0219
-0.7479
1.0172
1.3128
0.9079
1.1600
0.6110
-0.9253
0.7468
-0.8735
-1.1482
1.0595
-1.2886
-0.9101
0.9170
1.2538
-1.1242
-0.7079
-0.9864
-0.6714
1.0389
1.5479
1.2928
-0.4545
-0.7816
-0.5452
-0.5524
1.3244
1.3468
-0.7431
1.2572
1.2964
1.1345
-0.6109
-0.8042
-0.6116
-0.7561
-0.4657
-0.8850
-0.3243
-0.8189
1.5048
1.0406
1.3366
-0.7954
1.2859
-1.0464
1.4934
0.7536
-0.7776
-0.8536
-0.9442
-1.0687
1.1945
0.8718
-0.9221
1.1007
0.9048
1.1103
0.7319
1.3691
-1.6348
1.2920
0.7396
1.0821
-1.2768
-1.0088
-1.2940
-0.8114
-1.1663
-0.6533
-1.1989
-0.7933
0.7660
1.2925
0.7274
-0.5434
-1.1960
1.5386
0.9431
-0.4249
0.9897
1.7688
1.1296
1.4244
1.2172
-0.6957
1.5912
-0.9731
-0.5047
-0.8494
1.5585
-0.9523
-0.3169
1.2885
1.7099
-0.6115
1.4160
1.5429
-0.5914
-0.7759
1.5242
1.1926
-0.2384
1.2603
-0.1595
-0.6688
1.9628
-0.7378
-0.0965
1.4902
1.9288
-0.5334
-0.1062
-0.4297
-0.2160
1.8199
-0.3680
-0.0680
-0.1401
1.6743
-0.1556
-0.4675
1.9539
-0.5245
1.7929
-0.2592
1.8179
1.4409
-0.1976
-0.5607
-0.3821
-0.5833
1.4635
1.4219
-0.3655
1.3992
-0.4199
-0.4222
1.5599
-0.3888
-0.7263
1.7173
1.4204
-0.6254
1.5183
1.4331
1.3602
1.5153
-0.6998
1.3299
1.4575
1.4277
1.5238
1.4481
1.2339
-0.6826
1.3367
-0.5643
0.9939
1.1842
1.3350
1.2934
-0.4774
1.1667
-0.4627
-0.7337
-0.5318
1.3950
1.4758
1.4523
1.3496
1.2658
-0.7576
1.2455
1.1021
1.5107
-0.9234
-0.4856
-0.6671
-0.4754
-0.6546
-0.1398
-0.4501
-0.4189
1.5786
1.4919
1.5110
-0.6664
-0.4697
1.3619
1.6659
-0.5123
1.6150
1.4411
-0.3670
-0.5946
-0.4671
-0.5028
-0.3349
-0.4769
1.5624
1.4665
1.3572
-0.5770
1.3590
-0.7752
1.4516
1.4814
1.3223
1.4817
-0.6662
1.5594
-0.7575
-0.4003
-0.8876
1.3508
-0.8115
-0.5997
1.2119
-0.6798
1.3853
-0.8705
1.4214
1.2675
1.6152
1.0328
1.4683
-0.8351
-0.5039
1.2244
1.6897
-0.6740
1.5278
1.3671
1.6160
1.1072
-0.3059
1.2740
1.4582
1.2507
-0.6471
-0.7787
-0.6487
-0.9063
-0.5595
-1.0323
-0.7006
-1.1928
1.4546
0.9594
1.0800
-0.8896
0.9979
-0.9333
-0.7063
-0.8559
-0.6730
1.2090
0.9541
1.1953
1.2203
0.9990
-1.0025
0.9499
-0.7529
-1.0431
1.2858
-1.0678
1.3792
-0.7660
-0.6129
-0.8917
1.2582
-0.8169
-0.8711
1.1770
1.1178
-0.7711
1.2531
1.1558
-0.4946
-0.8347
1.2676
1.3479
-0.7076
1.3912
1.3071
1.3777
-0.4303
-0.7923
-0.6578
-0.7362
-0.3503
-0.6877
-0.1632
-0.9062
1.7842
1.3234
1.7563
-0.5954
1.9507
-0.6100
1.7711
1.3594
-0.1163
-0.5714
-0.2899
-0.4191
1.9246
1.4692
-0.1658
1.4482
2.0708
1.2299
1.6930
1.3280
-0.0509
1.4889
1.6858
1.4498
-0.1780
-0.7083
-0.2022
-0.8895
-0.4362
-0.7195
-0.7197
-0.7308
1.2308
1.1013
1.1488
-1.0090
-0.5248
0.9403
1.3462
-0.9373
1.0792
1.0325
1.0573
1.1691
-0.7219
1.3048
1.4365
1.3089
1.4500
1.4498
1.6551
-0.6930
1.5344
-0.7052
-0.6915
-0.6573
1.2956
-0.2445
-0.4769
1.5042
-0.2893
1.7428
1.5718
-0.2635
-0.4365
-0.4048
1.4974
-0.6121
-0.3377
1.5071
1.6187
-0.6405
-0.3998
-0.6804
-0.1809
1.3840
-0.2800
-0.6606
-0.2777
1.4019
-0.1629
-0.5677
2.0521
-0.5453
1.9689
-0.3026
-0.0965
-0.4921
2.0323
-0.5533
-0.1108
1.4689
1.8015
-0.5047
1.6007
1.5113
1.5488
1.4057
1.4997
-0.5530
1.3461
-0.4140
1.3301
1.3418
1.4695
1.1554
-0.2964
1.2599
1.7827
1.4539
-0.3115
-0.6020
-0.4070
-0.5107
1.5510
1.5760
-0.3727
1.6401
1.5106
1.6680
-0.4491
-0.6398
-0.4512
-0.5965
-0.0721
-0.7614
-0.0932
-0.4142
1.7658
1.6834
1.8617
-0.1984
1.9508
-0.2300
-0.0576
-0.1933
-0.0070
1.9271
2.2011
1.9362
0.2456
-0.0999
0.0225
-0.0522
1.8047
1.9129
1.9447
0.2532
2.1161
0.1861
0.2668
0.2492
2.4842
0.0322
0.3923
1.8867
0.3926
2.0066
2.2641
-0.0691
0.1919
-0.1898
2.3503
0.1461
2.2137
0.0780
0.4394
0.0017
2.4996
0.1286
2.7925
0.0324
2.6601
1.7604
0.6680
-0.1876
2.8451
1.9982
2.8699
-0.0283
2.5210
-0.1245
2.3157
1.7593
2.5566
1.4194
0.6103
1.5284
0.4674
-0.5155
0.7284
1.4617
2.5263
1.4059
2.2487
1.5725
0.2043
1.2192
2.0822
1.4025
-0.1854
-0.4726
-0.2289
-0.3694
-0.1338
-0.4376
-0.4001
-0.4771
1.4930
1.6305
1.3295
-0.5913
1.1298
-0.6413
-0.7586
-0.7249
1.1359
-0.7542
-0.8903
1.0584
-1.0376
1.1096
0.8192
-0.9983
-1.1336
-0.9372
1.0012
-1.1755
-0.9860
0.8857
1.1693
-1.0834
0.9988
0.9145
1.0762
0.6017
-0.7202
0.7842
1.2473
0.6257
-0.8487
-1.0771
1.4453
0.7877
-0.7009
0.8209
1.2258
0.9677
-0.8183
-0.9383
-1.0131
-1.1741
-1.2408
-0.8562
-1.1885
-0.7343
0.8444
1.4106
0.9153
-0.6670
-1.2631
1.2349
0.9839
-0.8898
-0.7941
-1.0256
0.9007
-1.1029
-1.1102
0.8892
1.0578
-1.0132
-0.9113
-1.0349
0.7544
-1.0149
0.8134
-1.1813
0.7851
0.7755
0.7879
0.5800
-1.0923
0.6266
-1.1132
-1.2789
-1.2901
0.8561
0.7595
1.0381
0.8883
1.1439
-1.2122
0.9024
0.4231
0.8977
-1.6949
-0.9624
-1.3513
-1.1882
-1.5109
-1.2170
-1.3523
-1.4185
0.5707
0.7813
0.5052
-1.2047
0.3673
-1.3480
0.5303
0.7279
-1.4546
-1.2832
-1.4917
-1.0176
0.2150
1.0226
-1.7600
0.8911
-1.8549
-1.2670
0.0351
-1.0266
-1.8540
1.1745
0.1823
-0.8461
0.1384
1.2236
0.2334
1.2872
-1.6333
1.3589
0.5987
1.2691
0.3627
1.0758
0.6478
-1.2399
0.5147
-1.1111
0.5053
0.9731
0.2843
1.0361
-1.5239
0.9143
-1.4501
-1.1537
-1.1896
0.6687
0.6068
1.0738
0.9192
1.0628
-1.0463
0.9390
0.8048
0.9954
-1.3321
-1.2383
-1.3340
-1.4486
-1.4856
-1.3467
-1.4221
-1.2675
0.5326
0.7710
0.6788
-1.2059
0.8638
-0.9845
0.9722
0.9671
0.9304
1.0036
1.0634
-1.3398
-1.2905
0.8340
0.6635
-1.0618
-1.6625
-1.2026
0.6741
-1.0620
0.7460
-1.1448
-1.3376
-1.4255
0.5594
-1.2456
-1.3886
0.7743
-1.1564
0.7914
0.5673
-1.2005
-1.2609
-1.3259
0.8445
-1.3615
0.7523
-1.2943
-1.2169
-1.3675
-1.1158
0.7012
0.8274
0.7551
0.5582
0.8382
-1.4788
0.6630
-1.5039
-1.3628
0.5742
-1.3899
0.5761
-1.5795
-1.2959
-1.5189
0.7268
-1.3753
-1.2956
0.5908
0.5726
-1.5031
0.7539
0.6112
0.7256
0.7233
0.9059
-1.2874
0.9577
-1.2522
1.0407
0.7265
0.8467
0.8739
0.8790
-1.1505
-0.9355
0.9966
1.0762
-0.9722
1.0318
1.0036
0.9169
0.9950
-1.1952
1.2225
0.6529
1.2237
-1.4273
-0.7641
-1.4708
-0.8139
-1.2256
-0.6730
-0.9165
-0.6747
1.0230
1.1823
1.1545
-0.9658
-0.9810
1.1832
1.1760
-0.7396
-0.7726
-0.6379
-0.8598
1.4032
1.0295
1.5858
-0.8384
-0.2075
1.2794
1.6381
1.3548
-0.4887
1.3044
-0.6907
-0.7717
-0.9471
1.1217
-0.7941
-0.8886
0.9496
-0.9305
1.0136
1.1269
-1.0678
0.9707
0.8748
1.0444
0.8887
-1.2789
0.9963
0.7323
0.7093
-1.2575
-1.1004
-1.4039
-1.1951
-1.3657
-1.3399
-1.4508
-1.5896
0.4821
0.5867
0.1457
-1.4634
-0.0325
-1.5318
-0.1176
0.1537
-0.0458
0.3295
-2.2111
0.4622
-0.4369
0.5682
-2.2674
-1.6038
-0.4660
0.3187
-0.4653
-1.6834
-0.5809
-1.4122
-2.5120
-1.1922
-2.6224
0.7725
-0.4034
0.7179
-0.1085
0.6805
-2.3561
0.4788
-2.2459
-1.5866
-0.1229
-1.6171
-0.4447
-1.4384
-0.3868
0.3388
-0.3212
0.3596
-2.3635
0.0032
-2.5806
-2.1496
-2.6423
-0.1847
-0.8328
-0.2302
-0.9272
-0.0527
-3.0181
-0.1592
-2.9275
-1.9705
-0.8731
-1.9388
-2.7251
-0.0740
-0.8113
-2.0958
-0.8568
-0.1179
-3.0286
-2.5514
-0.9964
-0.4212
-2.5432
-0.5118
-0.4316
-0.7918
-2.5952
-2.3198
-2.4584
-2.2521
-2.6116
-2.2119
-2.4264
-2.3669
-0.1599
-0.3695
-2.0738
-0.1911
0.1593
-0.1868
-1.8372
-2.2073
0.1336
0.0929
-0.0025
-1.6247
0.2887
-1.8518
0.3749
0.2619
0.2436
0.4686
0.1966
-1.6961
0.2185
-1.8304
0.1420
0.1708
-1.7007
-1.6781
-1.5649
-1.6581
0.2960
0.4041
-1.6675
0.7690
-1.3328
-1.2093
0.7791
-1.1316
0.9404
-0.9444
-1.0499
-1.0247
-1.0078
1.0291
0.7576
1.1823
0.9926
1.2861
-0.8985
1.1010
-0.5933
-0.8618
1.5794
-1.0402
1.4775
-0.7866
-0.3191
-0.7928
1.5679
-0.9445
1.8167
-0.8305
1.9290
1.0687
-0.2272
-1.0058
1.6233
0.8564
1.5040
-1.0533
-0.4758
1.0196
1.6412
-1.1193
-0.2979
-1.1973
-0.3622
0.9168
-0.4795
-1.3598
-0.7204
0.6065
-0.7262
-1.3912
1.0222
-1.4444
-1.0435
0.6870
0.9883
-1.3228
0.9482
0.6248
1.0226
0.9135
-0.9789
0.8173
1.0855
0.5856
1.0392
0.6633
1.0060
-1.5776
0.6789
-1.6303
0.4766
0.5037
0.3374
0.7623
-1.4481
0.8491
-1.1224
-1.1645
-1.0740
1.1719
0.8213
1.1208
0.9453
0.8997
-1.1488
1.0054
0.7928
1.3329
-1.4611
-0.6936
-1.4070
-0.8932
-1.2478
-1.0321
-1.2586
-1.1964
1.0027
0.5299
1.1099
-1.5169
1.0915
-1.5872
-0.9322
-1.4138
-1.1429
0.8420
0.9116
0.7436
1.1501
0.6577
-0.9057
0.8274
-0.8185
-0.9649
0.9043
-0.9477
-1.1832
1.2091
0.8170
-0.7436
0.8591
1.1888
0.8371
1.2570
1.0208
-0.6179
1.0295
-0.5826
1.2552
1.2442
1.1264
1.2583
-0.9639
1.0996
0.7839
1.2542
-1.2216
-1.1550
-1.2881
-1.1645
-1.2838
-1.3507
-1.1398
-1.4010
0.7526
0.9076
0.9734
-1.0744
0.9020
-1.1441
-1.0483
-0.8719
0.9151
-0.7276
-1.1605
1.4187
0.8166
-0.6189
0.8474
1.2655
1.1220
1.2314
1.0844
-0.7441
1.2158
-0.7489
-0.6228
-0.8589
1.0801
-0.7036
-0.8995
1.4100
-1.0197
1.0367
1.0563
-0.8752
-1.0750
-0.8772
1.0959
-0.9889
-0.8480
1.0476
1.3154
-1.0669
-0.5794
-0.8342
-0.8354
1.5374
0.9474
1.2859
-1.1174
-0.7797
-0.9900
-1.0514
1.1599
0.8856
-0.6762
1.0860
1.3656
1.1567
-0.7777
-0.8927
-0.6002
-0.7213
-0.7709
-0.7499
-0.8571
-0.6384
0.9891
1.1471
0.9777
-0.8023
1.0174
-0.8364
1.1051
0.8291
-1.2299
-1.1824
-1.3302
-1.1401
0.5522
0.9779
-1.2558
0.9911
-0.9888
-1.0264
0.8759
-1.1306
1.1420
-1.0097
-0.7841
-1.0143
1.3417
-0.9981
-0.7942
1.0674
1.2045
-1.0255
1.1057
1.0356
-0.6931
-0.9925
1.3198
0.9102
-0.5627
0.9014
1.5983
1.1561
-0.5092
-0.6916
-0.6004
-0.5974
-0.5754
-0.5451
-0.6168
-0.5330
1.5456
1.2554
1.7872
-0.7208
1.7016
-0.7511
-0.2228
-0.5831
1.7744
-0.4352
-0.0593
1.3766
-0.3671
1.4944
1.7948
-0.4150
-0.3763
-0.4561
1.6859
-0.6145
-0.2133
1.5471
1.6579
-0.3158
1.6241
1.6722
-0.4550
-0.5550
-0.5994
-0.2295
-0.8052
-0.4199
1.1187
1.5314
1.0287
-0.4443
-1.0076
1.5688
1.1528
-0.7305
-0.7451
-0.4072
-0.4384
1.7913
1.6450
1.7206
-0.3688
-0.5097
1.7601
1.4227
1.6900
-0.9438
1.5707
-0.9056
-0.4850
-0.8583
-0.4784
1.1224
1.2906
1.1183
1.1470
1.1874
-0.6953
1.4425
-0.6293
-0.4413
1.5053
-0.6328
1.6377
-0.7667
-0.3797
-0.6179
1.7092
-0.8883
-0.6184
1.6080
-0.7038
1.6175
1.4904
-0.5965
-0.4481
-0.6721
1.6402
-0.7125
1.8605
-0.9172
0.1628
-0.9236
1.8950
-0.7240
-0.0230
1.1141
2.1328
-1.0421
2.1207
1.0728
-0.0226
-0.9136
1.6670
1.2584
-0.7450
1.2507
-0.9969
-0.9007
0.7934
-0.8244
-1.2136
1.0288
0.6952
-1.1753
0.9061
1.0719
-1.0335
-1.0672
